
0 1 0.115000 0.808000 
1 1 4.135000 2.973000 
2 1 0.089000 0.496000 
0 2 0.208000 1.017000 
1 2 10.666000 9.200000 
2 2 0.200000 0.746000 
0 4 0.108000 0.501000 
1 4 43.262001 15.288000 
2 4 0.873000 0.970000 
0 8 0.161000 0.523000 
1 8 11.364000 4.184000 
2 8 2.568000 1.140000 
0 16 0.027000 0.694000 
1 16 4.491000 1.694000 
2 16 5.403000 1.893000 
0 32 0.030000 0.904000 
1 32 5.941000 2.954000 
2 32 10.398000 3.210000 
0 64 0.029000 1.301000 
1 64 17.673000 5.286000 
2 64 22.355000 6.185000 
0 128 0.044000 2.115000 
1 128 25.934999 10.535000 
2 128 32.321999 14.731000 
0 256 1.800000 3.723000 
1 256 60.495998 17.823000 
2 256 87.319000 22.892000 
0 512 3.195000 7.032000 
1 512 119.440002 33.309000 
2 512 165.839996 47.036000 
